724,284,649,649
750,426
755,518
764,604
774,687
794,767
836,836
894,896
961,945
1040,959
1118,948
1190,907
1254,852
1307,788
1338,710
1359,627
1380,543
1391,455
770,385
821,367
878,373
932,390
984,417
1117,430
1178,410
1238,401
1299,404
1349,428
1053,483
1047,541
1043,598
1039,657
983,679
1009,692
1038,702
1069,695
1096,687
839,456
881,438
932,446
967,484
923,492
871,486
1141,496
1180,461
1231,461
1270,484
1236,508
1187,510
926,764
967,753
1008,747
1036,760
1069,752
1114,762
1160,778
1115,827
1069,845
1034,844
1002,839
960,816
946,771
1007,779
1036,785
1070,785
1137,784
1069,793
1035,794
1006,788
