419,58,900,900
384,310
373,431
375,559
398,679
460,780
552,864
657,933
766,984
862,1001
936,980
979,904
1017,821
1049,738
1079,660
1108,583
1120,508
1111,434
601,205
680,167
766,152
853,169
924,215
1046,242
1094,220
1138,217
1172,237
1174,282
988,335
1001,404
1021,470
1039,536
898,594
942,607
983,623
1014,617
1036,601
682,307
740,282
794,290
831,334
785,341
729,334
1010,359
1057,326
1102,333
1123,370
1099,382
1056,376
763,736
853,701
929,686
957,699
983,691
1004,717
996,762
987,802
963,826
936,827
900,822
835,795
792,737
919,734
948,738
974,739
977,758
970,757
945,760
915,756
