782,155,850,850
775,388
777,518
801,637
830,755
867,868
926,967
1007,1046
1107,1087
1216,1095
1319,1086
1409,1044
1483,971
1540,878
1577,769
1603,660
1630,547
1633,430
828,299
900,254
993,256
1079,279
1157,319
1329,323
1407,290
1486,271
1565,274
1620,318
1240,415
1239,515
1238,612
1239,711
1135,733
1179,753
1226,771
1272,757
1312,739
919,396
976,363
1046,368
1102,420
1041,433
968,432
1348,428
1410,378
1478,377
1528,414
1484,444
1415,444
1055,872
1116,846
1172,834
1215,848
1261,835
1312,852
1357,878
1312,932
1262,962
1211,967
1164,960
1108,931
1082,875
1170,879
1215,886
1262,882
1329,880
1261,885
1214,893
1170,885
