530,15,869,869
559,319
568,428
586,533
608,638
641,730
698,807
773,865
859,902
950,914
1049,905
1146,878
1232,828
1297,759
1338,668
1367,567
1392,466
1406,363
615,178
667,117
745,95
825,107
896,140
1024,141
1106,114
1190,109
1269,138
1324,199
960,242
956,302
950,361
945,418
875,505
909,511
942,515
976,515
1010,513
691,268
739,233
799,235
849,280
796,291
734,291
1074,285
1129,243
1188,249
1237,286
1189,304
1129,300
807,691
851,619
901,580
932,590
965,580
1016,623
1062,697
1014,726
966,739
928,741
895,739
848,721
835,683
900,637
932,637
964,638
1032,686
964,668
929,670
898,669
